AA,3.18,7.0,-0.08,-1.27,-0.8,31.0,-6.82,-18.4,-13.7,-0.9 
AC,3.24,4.8,0.23,-1.43,0.8,32.0,-11.40,-26.2,-13.8,-2.1 
AG,3.3,8.5,-0.04,-1.50,0.5,30.0,-10.48,-19.2,-14,-1.7 
AU,3.24,7.1,-0.06,-1.36,1.1,33.0,-9.38,-15.5,-15.4,-0.9 
CA,3.09,9.9,0.11,-1.46,1.0,31.0,-10.44,-27.8,-14.4,-1.8 
CC,3.32,8.7,-0.01,-1.78,0.3,32.0,-13.39,-29.7,-11.1,-2.9 
CG,3.3,12.1,0.3,-1.89,-0.1,27.0,-10.64,-19.4,-15.6,-2 
CU,3.3,8.5,-0.04,-1.50,0.5,30.0,-10.48,-19.2,-14.0,-1.7 
GA,3.38,9.4,0.07,-1.70,1.3,32.0,-12.44,-35.5,-14.2,-2.3 
GC,3.22,6.1,0.07,-1.39,0.0,35.0,-14.88,-34.9,-16.9,-3.4 
GG,3.32,12.1,-0.01,-1.78,0.3,32.0,-13.39,-29.7,-11.1,-2.9 
GU,3.24,4.8,0.23,-1.43,0.8,32.0,-11.40,-26.2,-13.8,-2.1 
UA,3.26,10.7,-0.02,-1.45,-0.2,32.0,-7.69,-22.6,-16.0,-1.1 
UC,3.38,9.4,0.07,-1.70,1.3,32.0,-12.44,-26.2,-14.2,-2.1 
UG,3.09,9.9,0.11,-1.46,1.0,31.0,-10.44,-19.2,-14.4,-1.7 
UU,3.18,7.0,-0.08,-1.27,-0.8,31.0,-6.82,-18.4,-13.7,-0.9