GG,0.04,0.06,0.06,2.99,2.67,14.25,4.68,-0.77,33.54,-0.17,0.03,3.36,-1.84,-8.00,-19.9
GA,0.05,0.07,0.06,4.27,3.58,18.41,2.44,1.44,35.67,-0.05,-0.01,3.30,-1.30,-8.20,-22.2
GC,0.05,0.07,0.06,4.21,2.66,17.31,1.70,0.00,34.07,-0.19,0.00,3.27,-2.24,-9.80,-24.4
GU,0.06,0.07,0.06,6.80,2.91,21.98,2.01,0.33,31.53,-0.59,-0.02,3.24,-1.44,-8.40,-22.4
AG,0.04,0.06,0.05,3.47,2.80,17.48,3.60,-1.66,32.29,-0.22,-0.02,3.32,-1.28,-7.80,-21.0
AA,0.04,0.08,0.07,6.69,6.24,21.34,1.05,-1.26,35.02,-0.18,0.01,3.25,-1.00,-7.60,-21.3
AC,0.06,0.07,0.06,6.80,2.91,21.98,2.01,0.33,31.53,-0.59,-0.02,3.24,-1.44,-8.40,-22.4
AU,0.05,0.10,0.07,9.61,4.66,24.79,0.61,0.00,30.72,-0.68,0.00,3.21,-0.88,-7.20,-20.4
CG,0.04,0.06,0.05,2.71,3.02,14.66,6.02,0.00,33.67,0.44,0.00,3.29,-2.17,-10.6,-27.2
CA,0.04,0.06,0.05,2.00,2.88,14.51,5.60,0.14,35.43,0.48,0.01,3.37,-1.45,-8.50,-22.7
CC,0.04,0.06,0.06,2.99,2.67,14.25,4.68,-0.77,33.54,-0.17,0.03,3.36,-1.84,-8.00,-19.9
CU,0.04,0.06,0.05,3.47,2.80,17.48,3.60,-1.66,32.29,-0.22,-0.02,3.32,-1.28,-7.80,-21.0
UG,0.04,0.06,0.05,2.00,2.88,14.51,5.60,0.14,35.43,0.48,0.01,3.37,-1.45,-8.50,-22.7
UA,0.03,0.07,0.05,1.85,4.11,14.24,3.50,0.00,36.94,0.04,0.00,3.39,-0.58,-7.20,-21.3
UC,0.05,0.07,0.06,4.27,3.58,18.41,2.44,1.44,35.67,-0.05,-0.01,3.30,-1.30,-8.20,-22.2
UU,0.04,0.08,0.07,6.69,6.24,21.34,1.05,-1.26,35.02,-0.18,0.01,3.25,-1.00,-7.60,-21.3